"Scripts.htm+html.head.title:55-3","Scripts","","URL_EN : https://manual.yoyogames.com/index.htm#t=GameMaker_Language%2FGML_Reference%2FAsset_Management%2FScripts%2FScripts.htm \n\nURL_JP : https://kuroko137.github.io/gms_manual_jp/index.htm#t=GameMaker_Language%2FGML_Reference%2FAsset_Management%2FScripts%2FScripts.htm"
"Scripts.htm+html.head.title:59-3","Scripts","","URL_EN : https://manual.yoyogames.com/index.htm#t=GameMaker_Language%2FGML_Reference%2FAsset_Management%2FScripts%2FScripts.htm \n\nURL_JP : https://kuroko137.github.io/gms_manual_jp/index.htm#t=GameMaker_Language%2FGML_Reference%2FAsset_Management%2FScripts%2FScripts.htm"
"Scripts.htm+html.body.div.div.div[title]:73-7","Scripts","","URL_EN : https://manual.yoyogames.com/index.htm#t=GameMaker_Language%2FGML_Reference%2FAsset_Management%2FScripts%2FScripts.htm \n\nURL_JP : https://kuroko137.github.io/gms_manual_jp/index.htm#t=GameMaker_Language%2FGML_Reference%2FAsset_Management%2FScripts%2FScripts.htm"
"Scripts.htm+html.body.div.div.div:73-7","Scripts","","URL_EN : https://manual.yoyogames.com/index.htm#t=GameMaker_Language%2FGML_Reference%2FAsset_Management%2FScripts%2FScripts.htm \n\nURL_JP : https://kuroko137.github.io/gms_manual_jp/index.htm#t=GameMaker_Language%2FGML_Reference%2FAsset_Management%2FScripts%2FScripts.htm"
#CSV_COMMENT_OUT#"Scripts.htm+html.body.div.div.div[title]:76-7","Click here to see this page in full context",""
#CSV_COMMENT_OUT#"Scripts.htm+html.body.div.div.div:76-7","Click here to see this page in full context",""
"Scripts.htm+html.body.h1:86-3","Scripts","","URL_EN : https://manual.yoyogames.com/index.htm#t=GameMaker_Language%2FGML_Reference%2FAsset_Management%2FScripts%2FScripts.htm \n\nURL_JP : https://kuroko137.github.io/gms_manual_jp/index.htm#t=GameMaker_Language%2FGML_Reference%2FAsset_Management%2FScripts%2FScripts.htm"
"Scripts.htm+html.body.p:87-3","The following functions used for checking and running scripts that have been written in the <a href=""../../../../The_Asset_Editors/Scripts.htm"">Script Editor</a>:","","URL_EN : https://manual.yoyogames.com/index.htm#t=GameMaker_Language%2FGML_Reference%2FAsset_Management%2FScripts%2FScripts.htm \n\nURL_JP : https://kuroko137.github.io/gms_manual_jp/index.htm#t=GameMaker_Language%2FGML_Reference%2FAsset_Management%2FScripts%2FScripts.htm"
"Scripts.htm+html.body.ul.li:90-5","script_exists","","URL_EN : https://manual.yoyogames.com/index.htm#t=GameMaker_Language%2FGML_Reference%2FAsset_Management%2FScripts%2FScripts.htm \n\nURL_JP : https://kuroko137.github.io/gms_manual_jp/index.htm#t=GameMaker_Language%2FGML_Reference%2FAsset_Management%2FScripts%2FScripts.htm"
"Scripts.htm+html.body.ul.li:91-5","script_get_name","","URL_EN : https://manual.yoyogames.com/index.htm#t=GameMaker_Language%2FGML_Reference%2FAsset_Management%2FScripts%2FScripts.htm \n\nURL_JP : https://kuroko137.github.io/gms_manual_jp/index.htm#t=GameMaker_Language%2FGML_Reference%2FAsset_Management%2FScripts%2FScripts.htm"
"Scripts.htm+html.body.ul.li:92-5","script_execute","","URL_EN : https://manual.yoyogames.com/index.htm#t=GameMaker_Language%2FGML_Reference%2FAsset_Management%2FScripts%2FScripts.htm \n\nURL_JP : https://kuroko137.github.io/gms_manual_jp/index.htm#t=GameMaker_Language%2FGML_Reference%2FAsset_Management%2FScripts%2FScripts.htm"
"Scripts.htm+html.body.ul.li:93-5","script_execute_ext","","URL_EN : https://manual.yoyogames.com/index.htm#t=GameMaker_Language%2FGML_Reference%2FAsset_Management%2FScripts%2FScripts.htm \n\nURL_JP : https://kuroko137.github.io/gms_manual_jp/index.htm#t=GameMaker_Language%2FGML_Reference%2FAsset_Management%2FScripts%2FScripts.htm"
"Scripts.htm+html.body.div.div.div.div:101-9","Back: <a href=""../Asset_Management.htm"">Asset Management</a>","","URL_EN : https://manual.yoyogames.com/index.htm#t=GameMaker_Language%2FGML_Reference%2FAsset_Management%2FScripts%2FScripts.htm \n\nURL_JP : https://kuroko137.github.io/gms_manual_jp/index.htm#t=GameMaker_Language%2FGML_Reference%2FAsset_Management%2FScripts%2FScripts.htm"
"Scripts.htm+html.body.div.div.div.div:102-9","Next: <a href=""../Shaders/Shaders.htm"">Shaders</a>","","URL_EN : https://manual.yoyogames.com/index.htm#t=GameMaker_Language%2FGML_Reference%2FAsset_Management%2FScripts%2FScripts.htm \n\nURL_JP : https://kuroko137.github.io/gms_manual_jp/index.htm#t=GameMaker_Language%2FGML_Reference%2FAsset_Management%2FScripts%2FScripts.htm"
#CSV_COMMENT_OUT#"Scripts.htm+html.body.div.h5:105-5","© Copyright YoYo Games Ltd. 2020 All Rights Reserved",""
"Scripts.htm+html.body.p:114-1","{SEARCH_RESULT} Page outlining the different functions and variables associated with Scripts","","URL_EN : https://manual.yoyogames.com/index.htm#t=GameMaker_Language%2FGML_Reference%2FAsset_Management%2FScripts%2FScripts.htm \n\nURL_JP : https://kuroko137.github.io/gms_manual_jp/index.htm#t=GameMaker_Language%2FGML_Reference%2FAsset_Management%2FScripts%2FScripts.htm"
