time	ver	lines	tr_lines	pct_lines	words	tr_words	pct_words	add_lines	add_pct_lines	add_words	add_pct_words
2021/02/24 12:15:36	231	82057	13256	16.155	778237	108052	13.884	26	0.032	1,056	0.136
2021/02/23 21:13:11	231	82057	13230	16.123	778237	106996	13.749	1	0.001	57	0.007
2021/02/22 12:10:55	231	82057	13229	16.122	778237	106939	13.741	11	0.013	346	0.044
2021/02/19 21:13:38	231	82057	13218	16.108	778237	106593	13.697	1	0.001	3	0.000
2021/02/19 15:19:25	231	82057	13217	16.107	778237	106590	13.696	34	0.041	1,312	0.169
2021/02/19 12:10:42	231	82057	13183	16.066	778237	105278	13.528	20	0.024	543	0.070
2021/02/18 21:13:43	231	82057	13163	16.041	778237	104735	13.458
2021/02/18 15:11:38	231	82057	13163	16.041	778237	104735	13.458	32	0.039	1,665	0.214
2021/02/17 21:13:35	231	82057	13131	16.002	778237	103070	13.244
2021/02/17 17:02:59	231	82057	13131	16.002	778237	103070	13.244	33	0.040	476	0.061
2021/02/17 15:10:53	231	82057	13098	15.962	778237	102594	13.183	24	0.029	814	0.105
2021/02/17 12:11:27	231	82057	13074	15.933	778237	101780	13.078	4	0.005	364	0.047
2021/02/17 00:10:41	231	82057	13070	15.928	778237	101416	13.032
2021/02/16 16:55:44	231	82057	13070	15.928	778237	101416	13.032	23	0.028	61	0.008
2021/02/16 15:11:46	231	82057	13047	15.900	778237	101355	13.024	41	0.050	943	0.121
2021/02/16 12:11:23	231	82057	13006	15.850	778237	100412	12.902	16	0.019	536	0.069
2021/02/15 21:13:52	231	82057	12990	15.830	778237	99876	12.834
2021/02/15 15:11:35	231	82057	12990	15.830	778237	99876	12.834	64	0.078	1,322	0.170
2021/02/13 21:13:14	231	82057	12926	15.752	778237	98554	12.664
2021/02/13 18:47:40	231	82057	12926	15.752	778237	98554	12.664	8	0.010	184	0.024
2021/02/13 00:10:28	231	82057	12918	15.743	778237	98370	12.640	10	0.012	364	0.047
2021/02/12 21:13:40	231	82057	12908	15.731	778237	98006	12.593	10	0.012	142	0.018
2021/02/12 09:23:07	231	82057	12898	15.718	778237	97864	12.575	1	0.001	2	0.000
2021/02/11 22:41:19	231	82057	12897	15.717	778237	97862	12.575
2021/02/11 13:44:11	231	82057	12897	15.717	778237	97862	12.575	30	0.037	447	0.057
2021/02/11 12:10:42	231	82057	12867	15.681	778237	97415	12.517	72	0.088	1,114	0.143
2021/02/10 21:13:41	231	82057	12795	15.593	778237	96301	12.374
2021/02/10 13:43:59	231	82057	12795	15.593	778237	96301	12.374	63	0.077	1,002	0.129
2021/02/10 12:10:51	231	82057	12732	15.516	778237	95299	12.245	29	0.035	418	0.054
2021/02/09 22:35:54	231	82057	12703	15.481	778237	94881	12.192
2021/02/09 13:43:40	231	82057	12703	15.481	778237	94881	12.192	78	0.095	1,062	0.136
2021/02/09 12:11:00	231	82057	12625	15.386	778237	93819	12.055	77	0.094	725	0.093
2021/02/08 21:13:24	231	82057	12548	15.292	778237	93094	11.962
2021/02/08 15:11:59	231	82057	12548	15.292	778237	93094	11.962	25	0.030	432	0.056
2021/02/08 13:44:23	231	82057	12523	15.261	778237	92662	11.907	64	0.078	870	0.112
2021/02/08 12:10:50	231	82057	12459	15.183	778237	91792	11.795	56	0.068	751	0.097
2021/02/08 11:01:12	231	82057	12403	15.115	778237	91041	11.698	10	0.012	154	0.020
2021/02/08 00:10:00	231	82057	12393	15.103	778237	90887	11.679
2021/02/07 00:09:40	231	82057	12393	15.103	778237	90887	11.679	31	0.038	778	0.100
2021/02/06 22:35:28	231	82057	12362	15.065	778237	90109	11.579	10	0.012	218	0.028
2021/02/06 12:12:57	231	82057	12352	15.053	778237	89891	11.551	40	0.049	416	0.053
2021/02/05 11:00:25	231	82057	12312	15.004	778237	89475	11.497	6	0.007	76	0.010
2021/02/04 21:16:27	231	82057	12306	14.997	778237	89399	11.487
2021/02/04 13:44:13	231	82057	12306	14.997	778237	89399	11.487	20	0.024	653	0.084
2021/02/04 12:10:04	231	82057	12286	14.973	778237	88746	11.403	9	0.011	411	0.053
2021/02/03 21:14:29	231	82057	12277	14.962	778237	88335	11.351
2021/02/03 13:48:40	231	82057	12277	14.962	778237	88335	11.351	6	0.007	501	0.064
2021/02/03 12:14:15	231	82057	12271	14.954	778237	87834	11.286	12	0.015	698	0.090
2021/02/03 11:11:41	231	82057	12259	14.940	778237	87136	11.197	9	0.011	75	0.010
2021/02/02 21:15:33	231	82057	12250	14.929	778237	87061	11.187
2021/02/02 18:53:22	231	82057	12250	14.929	778237	87061	11.187	19	0.023	510	0.066
2021/02/02 18:15:29	231	82057	12231	14.905	778237	86551	11.121	1	0.001	3	0.000
2021/02/01 21:15:24	231	82057	12230	14.904	778237	86548	11.121
2021/02/01 15:13:51	231	82057	12230	14.904	778237	86548	11.121	3	0.004	164	0.021
2021/02/01 13:55:55	231	82057	12227	14.901	778237	86384	11.100	8	0.010	397	0.051
2021/02/01 12:19:27	231	82057	12219	14.891	778237	85987	11.049	5	0.006	279	0.036
2021/02/01 11:20:37	231	82057	12214	14.885	778237	85708	11.013	38	0.046	516	0.066
2021/01/29 21:15:04	231	82057	12176	14.838	778237	85192	10.947
2021/01/29 13:55:59	231	82057	12176	14.838	778237	85192	10.947	42	0.051	776	0.100
2021/01/29 12:19:10	231	82057	12134	14.787	778237	84416	10.847	21	0.026	594	0.076
2021/01/29 11:14:45	231	82057	12113	14.762	778237	83822	10.771	10	0.012	378	0.049
2021/01/28 19:35:42	231	82057	12103	14.750	778237	83444	10.722	26	0.032	796	0.102
2021/01/28 12:17:58	231	82057	12077	14.718	778237	82648	10.620	18	0.022	590	0.076
2021/01/27 21:15:22	231	82057	12059	14.696	778237	82058	10.544
2021/01/27 13:53:31	231	82057	12059	14.696	778237	82058	10.544	21	0.026	588	0.076
2021/01/27 12:17:12	231	82057	12038	14.670	778237	81470	10.469	37	0.045	905	0.116
2021/01/26 21:14:59	231	82057	12001	14.625	778237	80565	10.352	2	0.002	4	0.001
2021/01/26 16:20:04	231	82057	11999	14.623	778237	80561	10.352	6	0.007	238	0.031
2021/01/26 15:12:30	231	82057	11993	14.615	778237	80323	10.321	26	0.032	882	0.113
2021/01/26 12:17:21	231	82057	11967	14.584	778237	79441	10.208	7	0.009	326	0.042
2021/01/26 11:14:38	231	82057	11960	14.575	778237	79115	10.166	5	0.006	114	0.015
2021/01/25 20:22:03	231	82057	11955	14.569	778237	79001	10.151
2021/01/25 14:23:36	231	82057	11955	14.569	778237	79001	10.151	26	0.032	1,097	0.141
2021/01/25 13:01:53	231	82057	11929	14.537	778237	77904	10.010	5	0.006	297	0.038
2021/01/25 12:00:26	231	82057	11924	14.531	778237	77607	9.972	7	0.009	61	0.008
2021/01/23 18:39:50	231	82057	11917	14.523	778237	77546	9.964
2021/01/23 17:38:04	231	82057	11917	14.523	778237	77546	9.964
2021/01/22 23:19:50	231	82057	11917	14.523	778237	77546	9.964
2021/01/22 17:46:22	231	82057	11917	14.523	778237	77546	9.964	42	0.051	1,607	0.206
2021/01/21 20:25:42	231	82057	11875	14.472	778237	75939	9.758	7	0.009	230	0.030
2021/01/21 18:44:41	231	82057	11868	14.463	778237	75709	9.728	1	0.001	1	0.000
2021/01/21 17:18:12	231	82057	11867	14.462	778237	75708	9.728
2021/01/21 14:21:56	231	82057	11867	14.462	778237	75708	9.728	56	0.068	1,401	0.180
2021/01/20 13:01:16	231	82057	11811	14.394	778237	74307	9.548	36	0.044	772	0.099
2021/01/20 11:59:29	231	82057	11775	14.350	778237	73535	9.449	16	0.019	650	0.084
2021/01/19 21:33:33	231	82057	11759	14.330	778237	72885	9.365	1	0.001	17	0.002
2021/01/18 11:56:03	231	82057	11758	14.329	778237	72868	9.363	1	0.001	17	0.002
2021/01/16 18:38:59	231	82057	11757	14.328	778237	72851	9.361	2	0.002	5	0.001
2021/01/16 14:20:58	231	82057	11755	14.325	778237	72846	9.360	21	0.026	309	0.040
2021/01/16 12:56:32	231	82057	11734	14.300	778237	72537	9.321	16	0.019	475	0.061
2021/01/16 11:56:04	231	82057	11718	14.280	778237	72062	9.260	20	0.024	508	0.065
2021/01/15 20:21:06	231	82057	11698	14.256	778237	71554	9.194
2021/01/15 16:59:54	231	82057	11698	14.256	778237	71554	9.194	26	0.032	350	0.045
2021/01/15 15:33:15	231	82057	11672	14.224	778237	71204	9.149	2	0.002	54	0.007
2021/01/15 14:21:41	231	82057	11670	14.222	778237	71150	9.142	4	0.005	388	0.050
2021/01/15 12:54:10	231	82057	11666	14.217	778237	70762	9.093	24	0.029	212	0.027
2021/01/15 11:54:18	231	82057	11642	14.188	778237	70550	9.065	15	0.018	119	0.015
2021/01/14 11:58:10	231	82057	11627	14.169	778237	70431	9.050	8	0.010	260	0.033
2021/01/13 11:51:24	231	82057	11619	14.160	778237	70171	9.017	2	0.002	158	0.020
2021/01/12 20:10:15	231	82057	11617	14.157	778237	70013	8.996	3	0.004	54	0.007
2021/01/11 21:29:31	231	82057	11614	14.154	778237	69959	8.989	15	0.018	937	0.120
2021/01/09 18:15:14	231	82057	11599	14.135	778237	69022	8.869
2021/01/08 21:25:36	231	82541	11791	14.285	779227	70319	9.024	2	0.002	11	0.001
2021/01/08 16:48:42	231	82541	11789	14.283	779227	70308	9.023	12	0.015	384	0.049
2021/01/08 14:11:31	231	82541	11777	14.268	779227	69924	8.974	21	0.025	360	0.046
2021/01/08 12:35:51	231	82541	11756	14.243	779227	69564	8.927	22	0.027	843	0.108
2021/01/08 11:39:22	231	82541	11734	14.216	779227	68721	8.819	11	0.013	224	0.029
2021/01/07 20:00:20	231	82541	11723	14.203	779227	68497	8.790
2021/01/07 16:08:49	231	82541	11723	14.203	779227	68497	8.790	86	0.104	198	0.025
2021/01/07 14:10:16	231	82541	11637	14.098	779227	68299	8.765	13	0.016	569	0.073
2021/01/07 12:34:13	231	82541	11624	14.083	779227	67730	8.692	8	0.010	464	0.060
2021/01/07 11:38:41	231	82541	11616	14.073	779227	67266	8.632	9	0.011	380	0.049
2021/01/06 20:00:12	231	82541	11607	14.062	779227	66886	8.584
2021/01/06 15:19:38	231	82541	11607	14.062	779227	66886	8.584	12	0.015	362	0.046
2021/01/06 14:08:58	231	82541	11595	14.048	779227	66524	8.537	34	0.041	264	0.034
2021/01/06 12:29:41	231	82541	11561	14.006	779227	66260	8.503	20	0.024	811	0.104
2021/01/06 11:34:24	231	82541	11541	13.982	779227	65449	8.399	7	0.008	140	0.018
2021/01/05 21:17:49	231	82541	11534	13.974	779227	65309	8.381	3	0.004	29	0.004
2021/01/05 16:11:00	231	82541	11531	13.970	779227	65280	8.378	1	0.001	158	0.020
2021/01/05 15:19:10	231	82541	11530	13.969	779227	65122	8.357	47	0.057	350	0.045
2021/01/05 14:07:05	231	82541	11483	13.912	779227	64772	8.312	4	0.005	182	0.023
2021/01/05 12:28:50	231	82541	11479	13.907	779227	64590	8.289	11	0.013	585	0.075
2021/01/05 11:33:56	231	82541	11468	13.894	779227	64005	8.214	5	0.006	115	0.015
2021/01/04 19:59:18	231	82541	11463	13.888	779227	63890	8.199
2021/01/04 16:59:50	231	82541	11463	13.888	779227	63890	8.199	17	0.021	706	0.091
2021/01/04 14:05:26	231	82541	11446	13.867	779227	63184	8.109	9	0.011	415	0.053
2021/01/02 21:15:14	231	82541	11437	13.856	779227	62769	8.055
2021/01/02 18:21:20	231	82541	11437	13.856	779227	62769	8.055
2021/01/02 14:03:18	231	82541	11437	13.856	779227	62769	8.055	7	0.008	521	0.067
2021/01/02 12:24:38	231	82541	11430	13.848	779227	62248	7.988	7	0.008	291	0.037
2021/01/02 11:28:23	231	82541	11423	13.839	779227	61957	7.951	24	0.029	443	0.057
2020/12/31 09:37:11	231	82541	11399	13.810	779227	61514	7.894	5	0.006	356	0.046
2020/12/30 21:15:39	231	82541	11394	13.804	779227	61158	7.849
2020/12/30 15:15:44	231	82541	11394	13.804	779227	61158	7.849	5	0.006	316	0.041
2020/12/30 11:26:14	231	82541	11389	13.798	779227	60842	7.808
2020/12/30 00:13:29	231	82541	11389	13.798	779227	60842	7.808
2020/12/29 21:16:51	231	82541	11389	13.798	779227	60842	7.808	11	0.013	473	0.061
2020/12/29 14:01:27	231	82541	11378	13.785	779227	60369	7.747	5	0.006	43	0.006
2020/12/29 12:24:21	231	82541	11373	13.779	779227	60326	7.742	11	0.013	298	0.038
2020/12/29 11:25:35	231	82541	11362	13.765	779227	60028	7.704	36	0.044	538	0.069
2020/12/28 19:50:42	231	82541	11326	13.722	779227	59490	7.634	1	0.001	178	0.023
2020/12/28 18:19:04	231	82541	11325	13.720	779227	59312	7.612	9	0.011	162	0.021
2020/12/28 12:04:45	231	82541	11316	13.710	779227	59150	7.591
2020/12/25 22:48:30	231	81542	11128	13.647	776942	58705	7.556
2020/12/25 19:48:05	231	81542	11128	13.647	776942	58705	7.556	56	0.069	424	0.055
2020/12/25 18:16:47	231	81542	11072	13.578	776942	58281	7.501	2	0.002	36	0.005
2020/12/25 15:13:20	231	81542	11070	13.576	776942	58245	7.497
2020/12/25 13:55:02	231	81542	11070	13.576	776942	58245	7.497	14	0.017	301	0.039
2020/12/25 12:19:49	231	81542	11056	13.559	776942	57944	7.458	17	0.021	596	0.077
2020/12/25 11:20:47	231	81542	11039	13.538	776942	57348	7.381	23	0.028	352	0.045
2020/12/25 00:13:56	231	81542	11016	13.510	776942	56996	7.336	3	0.004	88	0.011
2020/12/24 19:50:20	231	81542	11013	13.506	776942	56908	7.325
2020/12/24 18:21:34	231	81542	11013	13.506	776942	56908	7.325	2	0.002	48	0.006
2020/12/24 16:52:59	231	81542	11011	13.503	776942	56860	7.318
2020/12/24 12:25:59	231	81542	11011	13.503	776942	56860	7.318	16	0.020	397	0.051
2020/12/24 11:23:08	231	81542	10995	13.484	776942	56463	7.267	15	0.018	379	0.049
2020/12/24 00:14:13	231	81542	10980	13.465	776942	56084	7.219	4	0.005	99	0.013
2020/12/23 22:51:39	231	81542	10976	13.461	776942	55985	7.206	5	0.006	77	0.010
2020/12/23 21:17:13	231	81542	10971	13.454	776942	55908	7.196
2020/12/23 18:19:53	231	81542	10971	13.454	776942	55908	7.196	1	0.001	3	0.000
2020/12/23 15:10:55	231	81542	10970	13.453	776942	55905	7.196
2020/12/18 14:42:02	231	81542	10970	13.453	776942	55905	7.196	1	0.001	2	0.000
2020/12/17 15:55:47	231	81542	10969	13.452	776942	55903	7.195	11	0.013	446	0.057
2020/12/17 11:50:30	231	81542	10958	13.438	776942	55457	7.138	5	0.006	189	0.024
2020/12/17 10:56:17	231	81542	10953	13.432	776942	55268	7.114	7	0.009	117	0.015
2020/12/16 20:48:00	231	81542	10946	13.424	776942	55151	7.098
2020/12/16 19:09:08	231	81542	10946	13.424	776942	55151	7.098
2020/12/16 17:19:16	231	81542	10946	13.424	776942	55151	7.098
2020/12/16 14:28:02	231	81538	10948	13.427	776856	55153	7.100	34	0.042	975	0.126
2020/12/16 11:59:36	231	81538	10915	13.386	776856	54181	6.974	17	0.021	60	0.008
2020/12/16 10:11:20	231	81538	10898	13.366	776856	54121	6.967
2020/12/14 19:44:06	231	81530	10973	13.459	776795	54185	6.975	1	0.001	3	0.000
2020/12/14 19:22:35	231	81530	10972	13.458	776795	54182	6.975	1	0.001	3	0.000
2020/12/11 19:33:34	231	81530	10971	13.456	776795	54179	6.975
2020/12/11 11:32:23	231	81530	10971	13.456	776795	54179	6.975	15	0.018	348	0.045
2020/12/11 10:57:42	231	81530	10956	13.438	776795	53831	6.930
2020/12/11 07:33:48	231	81530	10956	13.438	776795	53831	6.930
2020/12/10 14:47:49	231	81530	10956	13.438	776795	53831	6.930
2020/12/10 11:54:36	231	81530	10956	13.438	776795	53831	6.930	48	0.059	1305	0.168
2020/12/09 22:29:58	231	81530	10908	13.379	776795	52526	6.762
2020/12/09 13:34:30	231	81530	10908	13.379	776795	52526	6.762	28	0.034	890	0.115
2020/12/09 11:52:56	231	81530	10880	13.345	776795	51636	6.647	4	0.005	85	0.011
2020/12/09 10:53:59	231	81530	10876	13.34	776795	51551	6.636
2020/12/09 07:33:55	231	81530	10876	13.34	776795	51551	6.636
2020/12/08 20:45:39	231	81530	10876	13.34	776795	51551	6.636
2020/12/08 19:31:45	231	81530	10876	13.34	776795	51551	6.636
2020/12/08 17:08:15	231	81530	10876	13.34	776795	51551	6.636
2020/12/08 16:31:32	231	81530	10876	13.34	776795	51551	6.636
2020/12/08 13:34:55	231	81530	10876	13.34	776795	51551	6.636
2020/12/08 11:50:42	231	81530	10876	13.34	776795	51551	6.636	20	0.025	869	0.112
2020/12/08 07:40:58	231	81530	10856	13.315	776795	50682	6.525
2020/12/07 22:11:28	231	81530	10856	13.315	776795	50682	6.525
2020/12/07 21:59:04	231	81530	10856	13.315	776795	50682	6.525
2020/12/07 19:51:35	231	81530	10856	13.315	776795	50682	6.525
2020/12/07 11:50:10	231	81530	10856	13.315	776795	50682	6.525	23	0.028	611	0.079
2020/12/07 10:52:55	231	81530	10833	13.287	776795	50071	6.446	9	0.011	134	0.017
2020/12/06 11:48:27	231	81530	10824	13.276	776795	49937	6.429
2020/12/06 07:32:47	231	81530	10824	13.276	776795	49937	6.429
2020/12/05 20:44:54	231	81530	10824	13.276	776795	49937	6.429
2020/12/05 19:31:01	231	81530	10824	13.276	776795	49937	6.429
2020/12/05 17:41:59	231	81530	10824	13.276	776795	49937	6.429	2	0.002	41	0.005
2020/12/05 16:26:19	231	81530	10822	13.274	776795	49896	6.423
2020/12/05 13:34:06	231	81530	10822	13.274	776795	49896	6.423	21	0.026	376	0.048
2020/12/05 11:47:38	231	81530	10801	13.248	776795	49520	6.375	1	0.001	2
2020/12/04 18:30:32	231	81530	10800	13.247	776795	49518	6.375
2020/12/04 16:23:52	231	81530	10800	13.247	776795	49518	6.375	5	0.006	363	0.047
2020/12/04 14:47:17	231	81530	10795	13.241	776795	49155	6.328	7	0.009	420	0.054
2020/12/04 13:34:21	231	81530	10788	13.232	776795	48735	6.274	22	0.027	766	0.099
2020/12/04 11:47:54	231	81530	10766	13.205	776795	47969	6.175	12	0.015	420	0.054
2020/12/03 20:34:39	231	81530	10754	13.19	776795	47549	6.121
2020/12/03 19:20:41	231	81530	10754	13.19	776795	47549	6.121	5	0.006	5	0.001
2020/12/03 10:37:13	231	81530	10749	13.184	776795	47544	6.121
2020/12/02 22:20:14	231	81530	10749	13.184	776795	47544	6.121
2020/12/02 20:34:49	231	81530	10749	13.184	776795	47544	6.121
2020/12/02 19:21:28	231	81530	10749	13.184	776795	47544	6.121
2020/12/02 17:40:36	231	81530	10749	13.184	776795	47544	6.121	1	0.001	150	0.019
2020/12/02 16:19:48	231	81530	10748	13.183	776795	47394	6.101	1	0.001	9	0.001
2020/12/02 13:23:44	231	81530	10747	13.182	776795	47385	6.100	23	0.028	473	0.061
2020/12/02 11:36:21	231	81530	10724	13.153	776795	46912	6.039	13	0.016	507	0.065
2020/12/02 10:36:48	231	81530	10711	13.137	776795	46405	5.974
2020/12/01 22:18:54	231	81530	10711	13.137	776795	46405	5.974
2020/12/01 20:34:30	231	81530	10711	13.137	776795	46405	5.974
2020/12/01 19:21:35	231	81530	10711	13.137	776795	46405	5.974	26	0.032	577	0.074
2020/12/01 16:19:25	231	81530	10685	13.106	776795	45828	5.900	35	0.043	1038	0.134
2020/11/30 17:11:23	231	81530	10650	13.063	776795	44790	5.766	35	0.043	785	0.101
2020/11/30 13:13:33	231	81530	10615	13.02	776795	44005	5.665	16	0.02	460	0.059
2020/11/29 15:11:38	231	81530	10599	13	776795	43545	5.606	1	0.001	1	0.001
2020/11/29 09:35:30	231	81530	10598	12.999	776795	43544	5.606	23	0.028	208	0.027
2020/11/28 14:53:07	231	81530	10575	12.971	776795	43336	5.579	4	0.005	20	0.003
2020/11/28 14:41:56	231	81530	10571	12.966	776795	43316	5.576